M

616661,6166 Ρ66616661, 66 6611116661, Ρ11116661, 66 1116161, 6166
1166611616 Hadingi, et 6611116661 616616116Β6166161, 61 66 Β66-
616661, 61 66 666666611161, 61 66 1161116661, 6166816166611, 61 66
Paciago portum 66661 6666661611, 6166 1166166611, 6166 6611611 166-
66116111666161, 6166 6611666611, 6166116666611, 61661166 Diablen·
tico¹⁸, et (16 66116 6666616611, 61 (16 11116 661661166611, 61 6111166611, 61
Callae, 61 66611661166611, 61 66 11116 6666116661, 61 66 11116 6111166615,

1 116166, 6616. 66 666166 66 Β16166, 616. 6616 1166116, 6.- 1 Pence, 6616. 66
666166 6616 61161116, arr. de 8616166166.- ³ 6116166, 6616. 66 666166 6616 16116-
Β666616, 611. 66 Mamers, 6.-1Ρ661116-16-6116111, 6616. 66 2⁰ canton et de 1166166-
6166616661 66 Μ666, 6. - ⁵ 6. 1166116 6166611666 66116 16661116 6166 11661161, 6616.
66 666166 6616116, arr. 66 Mamers. - 1 11666 61666 661616 66 6616 666 6. iden-
1166 616611111666-6116616166666. 11 661 difficile 66 666666616611 66611 161 66 16 616166
16661116 ; 66 666611-66666111116661, 161666 611666 661 16 66616 66 16666 6 Β6666161116,
commune 66 666161666. - 1116666666, 11616666 61166 6166 66 Β66616661-16-61166166,
666. 66 saint-Calais, 6. -11 Β6611666, Β. 1161661, 6661. 66 666166 66 666116, 666.
66 Μ666, 6. -11661161116661616, 1166 666 6. n’ose identifler; 6661-6166 61166-
666616166, 66166166 66 16 commune 66666161666. -111161116-666-1611, 6616. 66
666166 66 16 61166166, arr. 66 saint-Galam, 6. - 11 866616, 6616. 66 666166 66 Β666-
16661, arr. 66 Mamers, 6. - 11 Ρ661666, 66116 66666 6611666111, Β. - 11 6661166,
6616. 66 666166 66 111161666166 61161, arr. 66 11616666, 6. - 1166116 666 Β. -
11 Monastere 61166 6666 1616161 66 1666661161, 6166 111616161,666166 661161166166,
66666161166116, 6; 66 ignore 661 661 1116116666. - 1166166666, Β; 16661116 666
6116661666111166. —· 11 116166, 6616. 66 666166 66166666, 616. 66 16161, 6. -
1116616166, eom. du 666166 66 Bais, arr. 66 16616666, 6. 16. 66 P. 6616666611,
1166166666, ete, p. 222, 61666 66 661166 66 61611611666616166 6616666166. 06 6611
66161116616 666116 161 116166616666 66 66116 16661116 6666661 16 6611666 gallo·
16616166. 61. Β66116, 1611161116, Ν6166 eur 666 6611661166. Le 16666, 1865, in-8⁰; 61
6666166 (6611661661666 (16 Mance, XLV⁰ 6666166, 6. 510-545. - 11 Nom que 6.
116661166116661616, 6666 666111666111166. - 11661616661611,6616. 66 666166 6166
166666616661666166 Mamers, 6. Ν6 66661166 666 616161 6116161666-16-1161, 6616. 66
666166 66 11166161, (111616666166 66616166, 6616. 6666616666163616,(8611116). -
1111161’116666,6616. 66 31666166 61 661616666166616661 66 Μ666, 6. -
1161161166, 6616. 66 3⁰ 666166 61 66 1666666166616661 66 Μ666, 6. r- ¹³ 611616616-
16-1161, 6616. 66 666166 66 Meslay, arr. 6616161, 6. - 111166661116, 6616. 66 666166
66 6116111666, 616. 6616161, 6. - 2⁵ 61161666, Β. 666166-1166616, 6.

 

